# base=450.0; angle=52.41; startexclusion=80.0; endexclusion=70.0; disttoactuator=35.0; height=600.0; arm=380.0

[stepper_a]
min_x:-206.75571504609206
min_y:-119.3704677383548
min_z:515.2580696740933
max_x:-60.99793244854675
max_y:-35.217172719179075
max_z:296.62858385516944
position_endstop:0
position_max:275.9093335133568


[stepper_b]
min_x:206.75571504609206
min_y:-119.3704677383548
min_z:515.2580696740933
max_x:60.99793244854675
max_y:-35.217172719179075
max_z:296.62858385516944
position_endstop:0
position_max:275.9093335133568


[stepper_c]
min_x:0.0
min_y:238.7409354767096
min_z:515.2580696740933
max_x:0.0
max_y:70.43434543835815
max_z:296.62858385516944
position_endstop:0
position_max:275.9093335133568

