# base=450.0; angle=52.41; startexclusion=100.0; endexclusion=100.0; disttoactuator=40.0; height=400.0;

[stepper_a]
min_x:-199.62126191539352
min_y:-115.25138930282525
min_z:296.36011287004123
max_x:-80.2775517853331
max_y:-46.34826613314619
max_z:117.35043313649936
position_endstop:0
position_max:225.9093335133568


[stepper_b]
min_x:199.62126191539352
min_y:-115.25138930282525
min_z:296.36011287004123
max_x:80.2775517853331
max_y:-46.34826613314619
max_z:117.35043313649936
position_endstop:0
position_max:225.9093335133568


[stepper_c]
min_x:0.0
min_y:230.5027786056505
min_z:296.36011287004123
max_x:0.0
max_y:92.69653226629238
max_z:117.35043313649936
position_endstop:0
position_max:225.9093335133568

