# base=450.0; angle=52.41; startexclusion=100.0; endexclusion=100.0; disttoactuator=40.0; height=400.0;

[stepper_a]
min_x:-204.50067227905058
min_y:-118.06851818976929
min_z:306.39155222146024
max_x:-85.15696214899015
max_y:-49.16539502009023
max_z:127.38187248791837

[stepper_b]
min_x:204.50067227905058
min_y:-118.06851818976929
min_z:306.39155222146024
max_x:85.15696214899015
max_y:-49.16539502009023
max_z:127.38187248791837

[stepper_c]
min_x:0.0
min_y:131.31182419042034
min_z:321.0435790022914
max_x:0.0
max_y:73.25219166163289
max_z:170.20518813818992
